1 0 0 
2 1 0 
3 1 0 
4 1 0 
6 2 0 
7 2 0 
8 2 0 
9 3 0 
11 4 0 
17 6 0 
18 6 0 
19 7 0 
20 7 0 
22 8 0 
23 8 0 
26 9 0 
27 9 0 
32 11 0 
33 11 0 
49 17 0 
51 18 0 
54 19 0 
56 20 0 
62 22 0 
64 23 0 
72 26 0 
73 27 0 
74 27 0 
76 27 0 
88 32 0 
89 33 0 
90 33 0 
91 33 0 
137 49 0 
139 49 0 
143 51 0 
145 51 0 
152 54 0 
154 54 0 
158 56 0 
160 56 0 
176 62 0 
177 62 0 
182 64 0 
183 64 0 
206 72 0 
208 72 0 
210 73 0 
211 73 0 
213 74 0 
214 74 0 
218 76 0 
219 76 0 
254 88 0 
255 88 0 
258 89 0 
259 89 0 
261 90 0 
262 90 0 
263 91 0 
264 91 0 
390 137 0 
393 139 0 
394 139 0 
396 139 0 
406 143 0 
409 145 0 
410 145 0 
411 145 0 
430 152 0 
431 152 0 
432 152 0 
435 154 0 
445 158 0 
447 158 0 
448 158 0 
451 160 0 
494 176 0 
495 176 0 
496 176 0 
497 177 0 
509 182 0 
511 182 0 
512 182 0 
513 183 0 
573 206 0 
575 206 0 
576 206 0 
579 208 0 
587 211 0 
593 213 0 
595 214 0 
606 218 0 
608 219 0 
701 254 0 
703 254 0 
704 254 0 
705 255 0 
713 258 0 
721 261 0 
723 262 0 
726 263 0 
728 264 0 
1096 390 0 
1098 390 0 
1106 393 0 
1107 393 0 
1109 394 0 
1110 394 0 
1114 396 0 
1115 396 0 
1144 406 0 
1145 406 0 
1154 409 0 
1155 409 0 
1157 410 0 
1158 410 0 
1159 411 0 
1160 411 0 
1217 430 0 
1218 430 0 
1220 431 0 
1222 432 0 
1223 432 0 
1232 435 0 
1233 435 0 
1262 445 0 
1263 445 0 
1267 447 0 
1270 448 0 
1271 448 0 
1279 451 0 
1281 451 0 
1409 494 0 
1410 494 0 
1411 495 0 
1412 495 0 
1415 496 0 
1418 497 0 
1419 497 0 
1454 509 0 
1455 509 0 
1459 511 0 
1460 511 0 
1462 512 0 
1465 513 0 
1467 513 0 
1646 573 0 
1647 573 0 
1651 575 0 
1652 575 0 
1654 576 0 
1655 576 0 
1663 579 0 
1665 579 0 
1688 587 0 
1689 587 0 
1705 593 0 
1707 593 0 
1711 595 0 
1713 595 0 
1744 606 0 
1745 606 0 
1750 608 0 
1751 608 0 
2030 701 0 
2031 701 0 
2035 703 0 
2036 703 0 
2038 704 0 
2039 704 0 
2041 705 0 
2043 705 0 
2066 713 0 
2067 713 0 
2089 721 0 
2091 721 0 
2095 723 0 
2097 723 0 
2104 726 0 
2106 726 0 
2110 728 0 
2112 728 0 
3118 1096 0 
3119 1096 0 
3120 1096 0 
3123 1098 0 
3145 1106 0 
3147 1107 0 
3155 1110 0 
3166 1114 0 
3168 1115 0 
3246 1144 0 
3247 1144 0 
3248 1144 0 
3249 1145 0 
3273 1154 0 
3275 1155 0 
3281 1157 0 
3286 1159 0 
3288 1160 0 
3441 1217 0 
3443 1218 0 
3448 1220 0 
3454 1222 0 
3456 1223 0 
3480 1232 0 
3481 1233 0 
3482 1233 0 
3483 1233 0 
3561 1262 0 
3563 1263 0 
3574 1267 0 
3582 1270 0 
3584 1271 0 
3606 1279 0 
3609 1281 0 
3610 1281 0 
3611 1281 0 
3953 1409 0 
3955 1410 0 
3958 1411 0 
3960 1412 0 
3968 1415 0 
3976 1418 0 
3977 1419 0 
3978 1419 0 
3980 1419 0 
4073 1454 0 
4075 1455 0 
4086 1459 0 
4088 1460 0 
4094 1462 0 
4102 1465 0 
4105 1467 0 
4106 1467 0 
4108 1467 0 
4585 1646 0 
4587 1647 0 
4598 1651 0 
4600 1652 0 
4606 1654 0 
4608 1655 0 
4630 1663 0 
4633 1665 0 
4634 1665 0 
4635 1665 0 
4696 1688 0 
4697 1689 0 
4698 1689 0 
4699 1689 0 
4742 1705 0 
4745 1707 0 
4748 1707 0 
4758 1711 0 
4761 1713 0 
4762 1713 0 
4846 1744 0 
4847 1744 0 
4848 1744 0 
4849 1745 0 
4861 1750 0 
4864 1750 0 
4865 1751 0 
5609 2030 0 
5611 2031 0 
5622 2035 0 
5624 2036 0 
5630 2038 0 
5632 2039 0 
5638 2041 0 
5641 2043 0 
5642 2043 0 
5644 2043 0 
5704 2066 0 
5705 2067 0 
5706 2067 0 
5708 2067 0 
5766 2089 0 
5769 2091 0 
5770 2091 0 
5782 2095 0 
5785 2097 0 
5787 2097 0 
5806 2104 0 
5807 2104 0 
5808 2104 0 
5811 2106 0 
5821 2110 0 
5823 2110 0 
5827 2112 0 
8769 3118 0 
8770 3118 0 
8771 3119 0 
8772 3119 0 
8774 3120 0 
8775 3120 0 
8784 3123 0 
8785 3123 0 
8850 3145 0 
8851 3145 0 
8856 3147 0 
8879 3155 0 
8881 3155 0 
8912 3166 0 
8913 3166 0 
8918 3168 0 
8919 3168 0 
9153 3246 0 
9154 3246 0 
9155 3247 0 
9156 3247 0 
9158 3248 0 
9159 3248 0 
9162 3249 0 
9163 3249 0 
9234 3273 0 
9240 3275 0 
9241 3275 0 
9257 3281 0 
9259 3281 0 
9272 3286 0 
9274 3286 0 
9278 3288 0 
9280 3288 0 
9737 3441 0 
9739 3441 0 
9743 3443 0 
9758 3448 0 
9760 3448 0 
9776 3454 0 
9777 3454 0 
9782 3456 0 
9783 3456 0 
9854 3480 0 
9855 3480 0 
9858 3481 0 
9859 3481 0 
9861 3482 0 
9862 3482 0 
9863 3483 0 
9864 3483 0 
10098 3561 0 
10099 3561 0 
10104 3563 0 
10136 3574 0 
10138 3574 0 
10160 3582 0 
10161 3582 0 
10166 3584 0 
10167 3584 0 
10232 3606 0 
10233 3606 0 
10242 3609 0 
10243 3609 0 
10245 3610 0 
10246 3610 0 
